مبلغ الاقتطاع الشهري المرتب

ميم
راع
لم ندا
رح
ب ب
-
ليف
راس

1
1
1
ا
ا
1
‎١‏
‏ل
‏يسرم

1180 00 ا 155,0 70 19 215,0 20,0 388,0 5*"]7,0ص
11.0 0 .»1 155,10 196,50 218,0 29,90 30 5/70
120,0 126,0 157,0 198,0 222700 2770 0 ,373 56,0

ٍ ا ٍ 1 1 1 1 1 ْ
1 70,90 78,40 85,90 10940 130,0 150,0 224.0 0 ,338 1 1740 1
] 71:90 79,0 88,90 111.10 1310 1520 2770 340 1 1750 1
72,90 0+ ,8 0 ,8 112,0 1330 154,0 220760 346.60 1 1760 1
] 73,90 8140 88,80 70 .114 135,0 156,0 23360 20.0 1 1770 ْ
إٍُ 175,00 850 890 116.70 17,0 1580 28,0 350 1 1780 1
0 0 : 1 1

1 00و76 83,40 90,90 0 1 139.10 159:80 2290 3,0 1 1790 1
]1 77:00 80 39190 120.30 0 .1+0 16160 242,0 35,10 1 1800 1
[ 77,90 85,40 90 122.00 146.0 163,0 2450 3/0 1 1810 1
] 90و78 86,0 9,0 123.0 14,0 15,0 2480 372,0 1 1820 1
1 تيبي 87,0 90 125,60 16.0 167,00 2170 3760 1 1830 1
41 اي 0 لح ّ 0 1 1
] 81,00 ( 8850 980 127.60 1,0 168,90 25,0 380,80 1 1840 1
] 82,00 89.50 97.00 129.0 150.0 1770 258,0 38,0 1 1850 ل
[ 00و83 90.50 98.00 131.10 151.0 170 261700 0 ,38 1 1860 1
] 00و84 9170 9.9.0 132.90 0 .155 17,0 268,0 0 ,393 1 1870 1
[ 85,00 90" 99,90 13.0 155,0 1760 266,90 3,0 ]1 1880 1
‎١ 6‏ 4 ا ٌ ًُ 1 1
]| 10و86 93.60 ,101.00 136,70 157.0 178,00 27070 40670 1 1890 1
| 10و87 604 :هي 102.001 138.0 0 159 179:80 2,3,0 406,0 1 1900 1
| 88.10 95.50 101.00 10.0 160.0 181.60 27,0 0 ]4 1 1910 1
| 10و89 96.50 10.0 1*0 16270 183,0 27950 4.0 1 1920 1
| 90,00 50و97 105.0 143.80 18.0 185,0 282,0 60" #4 1 1930 1
ب . يدا رقع 1:7 اسم يب * : 1 1
| 291:00 98.50 106.0 60. 1*5 166,0 187.00 285,0 42,80 1 19+40 1
| 92:10 0 2 9960 107:10 1*7.60 128,0 188,90 288,0 7,0" 1 1950 1
| 93.10 0 ء 10060 108.10 0 #*»1 10.0 190.70 21,0 43160 1 1960 1
أ 10و94 0 109.80 15.0 171.80 1,0 2,0 0,0" ص 1 1970 1
9510 10260 111.680 152:90 173,0 16,50 217.0 0" 1 1980 1
'ْ اا اال 1 م + 1 1
ُ مو 10360 11.0 : 1570 175,0 0 19 0 30 440 1 1990 1
| 197,20 10.70 115.0 160,70 177:40 202,0 303,0 44560 1 2600 1
0 ,98 105,70 117:10 18.0 179:10 205,80 38,0 456,0 1 2010 1
‎٠‏ 20و99 106.70 118,90 160.20 180,90 208,70 390 5,0 1 2020 1
10.0 107:60 12070 162,00 12,70 211,70 30 464,0 1 2030 1
ل * َ * 1 1
101,0 10860 1220 165,0 18,0 24.70 315,0 46,0 1 2040 1
102,0 109.60 124,0 165,0 1.0 21760 310 4690 1 2050 1
103,20 1170 126,0 167.60 188,0 220,0 32,0 474:10 ] 2050 1
0 ,+10 111.70 128,00 169.0 0 .1*8 223,90 32,0 0 478 ] 2070 1
105,20 112,70 12,0 17110 0 .11 200,0 0 37 482,0 1 2080 1
ْ ٌ 1 1
106,0 70 11 110 172,90 193:60 220 0 ,338 48660 1 2090 1
0 107 11,0 13,0 174.0 1995.0 23280 333,0 490,70 1 2100 1
108,0 0 ,115 135,0 1700 1"10 235,0 338,0 0 494 ]1 2110 1
109:0 116,80 137:10 17.0 199.0 239.0 338,0 48,0 1 2120 1
11030 118.20 محل زعا 180,0 200,90 680" »2 340 50,0 1 2130 1
ْ 5 :1 : 1 1

1110 120,0 1+0 182,00 202,70 25,0 34450 0 07ص 1 2140 1
1120 121,80 1+0 183,0 20440 2460 0 34+48 0 ا 1 2150 1
11350 12360 0 ,+14 1850 208,0 251,00 3,70 51,10 1 2160 1
1140 125,0 16,0 187.60 208,0 2540 350 550,70 ] 2170 1
115,0 1270 148,00 189,40 210.0 270 35,0 558,0 ]1 2180 1
ا : 1 1

1 2190 1 59, 0 38 0 200,0 21180 191.10 1+9, 80 129,10 1160.30
1 2200 1 5*3, 0 38,0 263,0 2130 12.0 1560 10,90 1110
1 1

1 1

ل ْ

1 1

31معة ‎١١‏ جمادى الاولى عام 4م7١‏

لاا اله سال ااال

23:50

3,5 1

3 1

الجريدة الرسمية للجمهورية الجزائرية

2,0

1

لاب تا ]1 الات تا تت] ات 1 الااا 1

إُ
121,07
1220
123,8
124,0
125,0

12650
120
13.0
12,00
133,0
135,0
17,0
90
0
190

10
146.60
14,0
15ْ0 0
15260

155:0
155,170
157,50
159,0
16110

162,0
160
166,60
116840
1700

اا
173,0
115,70
177,0
1790

1810
18,0
1860
1860
18|, 0

190,0
192.0
1380
15,0
197,50

19,0
201710
202,0
20+60
206760

؛)؛" :
+ ,18
140.0
1+0
1450
1650

147,0
197,0
150,90
1,70
14,0

156,0
15»8'8_20
1600
1610
16350

150
16710
190
170:90
172,170

174,0
176,0
178.0
180,0
1810

1,0
18550
17.0
19,90
190,90

12,70
19,0
136,40
198,0
200.00

201,80
203,50
0 0
070
209:10 ٠

210,0
212,70
2140
216,0
218,30

220,00
22180
223,50
225,0
2270

1
158 0
16), 0
162,0
164, 0
156,0

168 0
169 0
17160
1730
175,0

177:10
17,0
180, 70
12,0
18, 0

186,0
188,00
189.80
19160
19,0

1»5.,0
197,0
198,90
200,70

2010

204,0
208,0
20800
209,0

211.

213,0
215.0
21710
218,90
2203770

222,0
224, 0
226,00
228,05
22,0

22170
23,0
235,0
227,0
28,90

220,0
227,0
240
26,00

2400

1

200,0
202.00
203 0
205,60
207, 0

2» 0
211,10
21290
214 0
2160

21,0
220,20
2227500
223,890
225,60

27, 0

80

221,10
22290
22,70

2360
238,0
210
244,30
24.0

220.0
223,50
22550
22,0
2620

205,0
268,0
271,170
274:60
227,60

280.0
283,0
288,0
289.80
22,0

25.70
2870
31,70
350
38,0

310,0
223,0
33,0
3» 060
232310

1

2,5

25,80
228,0
22170
223,90
237, 0

240. 0
243 0
246,10
29:0
252,10

2550

"580
2610
264,0
2670

270.60
2730
276,80
279,0

202,0

2850
200
29170
260

221,60

300,60
23,90
38,0
309 0
312,0

315,0
318,0
370
3,0
38,0

ع

3,0
338,0
24400
343 0

34460
3490
35,0
2550

38,0

3810
30
267. 0
375. 0
3,0

28+40
27,60

20. 0
23,0
296,50
29,0
302,50

35, 0
208,70
31170
31,70
317, 0

320,90
3,80
38,0
32,0
330

335,0
338,0
348708
245, 0
3», 0

350
3540
357, 0
38,0
35, 0

3660
3690
372,0
375,40
378,0

"8/0
3880
3,0
30,0
33,0

396,0
399» 0
402,40
405,70
+470

440
4150
4760
400
4 0

403290

4060
#0
4120
45,0
8,0

41,70
424 70
42760
430 0
40

"0
439,80
443 0
448,0
45600

2 0

10
650
4690
47340

#77, 0
481 0
486,0
400
494 0

498,0
503,00
5070
511,80
515,90

550,0
58,0
528,40
55,0
557, 0

"180
55,0
5» 0
5, 0

558,7

6,70

688,0
689,50
643,60
67.80
661,0

56560
660, 70
66, 0
669, 0

673:20,

877,0
681,50
686,0
690760

9 0

688» 660
702,80
76,6
7110

*"]15,170

719,0
724,0
78,0
170
0 ,237ص

741,10
7,0
179,0
753,60
#80

ال-1

ماهم ينيم بام ما مم سو يها

ا بد مم مم سم هر مر مم مم مم يم ميم يم مم يم سم يم يم مهم يم يم يم يم يم يسم ينم يم يم بير مسر يم سير ايم يم يم بر يم مم مر يم ير يسم يسم يسم يسم يسم مسر اي

6

2260

226,60
228,0
220,0
232,0
23,70

25,70
237,0
229,0
2120
24+40

240
26,60
28,0
20,9
2520

253,170
255170
22,0
2290
2010

1

1

1

1

1

1

1

1

1

1

1

1

1

1

1

1

1

1

1

ٌْ

1

1

1

] 262,90
] 26460
1 26660
] 268,40
1 270,20
1
1
آَ
1
1
1
1
1
1
1
1
َ
1
1
1
1
1
1
1

220
2370
25,0
2750
23,60

281,0
22,90
2860
288,0
288,0

20,0
22,0
23,70
25,0
2710

236,0

28,0
24+00
24180
245,0
2465.0

270
249,0
250,90
252,60
2,0

250:0
258.0
266,00
261.0
26,0

25,0
26170
2.00
27090
272.60

27,0
2760
278,20
20,0
281,80

23,0
2085 ,0
287,0
29,0
20,90

22,60
24,0
20,0
28,0
300,0

3180
358,0
305,0
30730
39,0

310,90
31», 0
3170
30,0
33,0

28,0

288,000
289,0
2200
25,0
27,0

3 0

3, 0
37,0
310,0
3300

38,00
31900
322,0
325,0
3,0

33,0
33, 0
337 0
3800
243,50

38,0
349,40
352,0
35,0
235,70

380
364,60
367,60
37050
373 0

الجريدة الرسمية للجمهورية الجزائرية

مبلغلاقتطاع الشهري

355,0

3,0
39,0
36240
38,0
0, ه38

37160
37,50
3,7, 0
38,0
383,0

388,50
38, , 0
392,0
35,0
398,70

"0.70
405,0
4"..0
4». ,,0
4",3,0

6,90" "4
0,."تب"#
310" 4
4,0
9,0" #4

42,00
+35, 00
4 80
40
440

447.20
4560
+56, 0
#660 .0
459,40

462 0
065,40
458,0
+10
47*60

388,70

391,70
39 0
397.60
400,60
4*0

406, 0
+09. 0
412,80
4". 0
448,70

4*0
445,0
428,0
#090
4 "3,90

4" 90
+40 0
44310
446, 10
449,10

5010
455,0
486.0
#60 ,0
46,0

467,0
+70, 0
4 "0
476,0
479,0

42, 0
+85, 0
+48, 0
491,70
49460

491760
500160
503,0
506,0
090

512,80
ا دا
518,70
521,70
55,0

439,10

440
445 0
448, 00
#650
45,0

457. 0
#600
4*6 0
46610
6910

47240
475,0
+". 0
481,0
48,0

47.0
"060
"30
460
"9,50

50,0
0 )0ص
50080,70
51170
5160

579, 0
50,70
5,90
59590
55980

52,0
535 0
5*8, 0
542,00
55, 0

54800
50,0
553,90
557,0
560, 20

553, 0
56610
56910
5720
5750

600,0

680590
609 0
63,0
617:60
60,770

626,40
866,0
0,م.6
688,0
68500

67, 0
651, 0
655, 90
66010
66 0

668, 0
6,0
671.20
681,0
68550

689,70
0 ,693
698.0
7260
0 ,706ص

71090
71510
719.20
123,0
728.00

173,0
36,0
50 يحي
5,10
21

7530
75760
761/0
76590
77050

الجمعة ‎١١‏ جمادى الاولى عام 84م

762,4
76650
77.7,
77.0
1*7”79”, 0

78360
787:80
791,0
796,10
8,0

80,90
805,00
813, 0
887,80
82150

886,0
8,0
8340
838,60
842.80

86,0
85150
855, 0
859 0
864 16

868,0
8, 0
876,90
8810
885,0

- 88906

893, 60
8888, 0
902,40
90650

917760
914.80
915,0
92360
927,80

931.90
936.160
0 956
9440
00 م999

953.0
957.0
95150
60و965
97030

380

3090
3100
3110
3120
3306

310
3150
3160
3170
3180

3190
3200
3210
2220
3230
الجمعة ‎١١‏ جمادى الاولى عام ‎١86‏ الجريدة الرسمية للجمهورية الجزائرية ‎١7 ١‏
اث لي 70 9 اق

مبلغالاقتطاع الشهري المرتب

عااع كلع ولاعمتعي قا عط الأذتلاو 1 788116 1
1 17 ]
1 . 1
الا لجا اا اا ااا لستسساما ااسا اسال اللتان ما كما ااا ااانا ات اس حت ال ل
1 1 1 ل 1 11 1
] 299.30 - 0 ,38 376,0 77:.60* 58,0 578.30 77470 97440 1 3240 1
]! 301.10 329,0 379.80 4800 530,90 581,0 778.0 978.60 1 3250 1
] 302.90 332,40 388,0 #50 53,0 0 +58 783,00 982,70 1 3260 1
] 304.60 0 3,3 38,0 50 86+ 536,90 0 ,587 0 77 98.00 1 3270 1
] 306.60 0 338 38.0 0 89+ 0 540 592,0 7910 993.0 1 3280 1
1 1 1
] 40و308 30 3,0 2,0" 53,0 0 ,596 795,90 9980 1 3290 1
] 310,20 34460 39500 0 ,95+ 10 546 600 80010 0 1.004 1 3300 1
] 312,00 37,60 27,0 0 .98+ 10 و5499 0 ,604 0 ,+80 0 ,1.009 1 3310 1
] 313:70 250,0 0,90" 501,70 00 552 608,60 808,0 1.0 1 3320 1
] 315,50 35,0 0, #6 50460 555,00 612,0 88,0 0 .1 1 3330 1
1 1 1
]1 317,50 356,80 7,0" 5079190 55,0 6170 0 ,817 1.0 1 3340 1
] 319,30 35980 00" 10,90" 56810 61,60 88,0 1.031.800 1 3350 1
] 321.10 38,0 0" 550 5860 6608970 8,0 1.0 1 3360 1
1 322,80 0 ,38 160+ 51680 0 ,567 60 0 8 0 .1 1 3370 1
1 324:60 368,0 9*0" 519,80 5”"0.,20 00 "685 0 833 1.08.0 1 3380 1
1 1 1
1 326760 0 3,7 0" 50 0ق_#”*5 688,70 88,0 0 ,»1.5 1 3390 1
1 328,40 37,90 : 0 ,4*5 52610 580 62,80 8460 1.90 1 3400 1
| 330,20 37,0 428,30 59,10 579,0 0 647 846,0 1.60 1 3410 1
| 332,00 38,0 10" 552,0 880 651.10 80,0 1.0 1 3420 1
| 333,70 383,0 0 434 55,0 55,0 655,30 85,0 0 .1 1 3430 1
[ ا 1 : 1
| 336,40 388,0 0 ,37»*» 58,0 88,0 669,0 0 859 1.910 1 3440 1
| 70,و339 390,0 4400 0 5*1 591,60 6640 880 1.0 1 3450 و
| 342,70 3,0 0" 0 544 0 و5949 668,0 868.00 0 ...1 1 3460 1
| 345,70 396,10 460 547.20 59760 670 870 0 1.098 1 3470 1
| 70و,348 0 399 449,0 550,0 600,60 689,0 876,0 1.1030 1 3480 1
1 1
35160 402,00 0 ,52+ ِ 510ص 60,0 68,0 888,0 1.700 1 3490 1
354,90 0 ,#056 70 455 556,0 0 ,606 0 6595 0 ,885 0 .1 1 3500 1
1 1
وزارة الشؤون الاجتماعية يقرر ما يلى :

المادة الاولى : يفوض السيد باسطة عبد القادر المنتدب مهام
نائب مدير بوزارة الشؤون الاجتماعية للتوقيع فى دائرة
اختصاصاته على جميع العقود والمقررات باسم وزير الشؤون

ان وزير الشؤون الاجتماعية الاجتماعية باستثناء القرارات .

بمقتضى المرسوم رقم 280-77 المؤرخ فى 11 سبتمبر سنة المادة ؟ : ينشر هذا القرار فى الجريدة الرسمية للجمهورية
17 المتضمن السماح لرئيس الجمهورية وكافة الوزراء | الجزائرية الديمقراطية الشعبية ‎٠‏ !
ونواب كتاب الدولة بتفويض امضائهم 6 وحرر بالجزائر فى ؟ ربيع الثانى عام 1386 الموافق ؟

بمقتضى المرسوم رقم 85-77؟ المؤرخ فى 7؟ سبتمبر سنة ‎١‏ سبتمبر سنة 1375
انتداب السيد باسطة عبد القادر لهام نائب المدير 6 محمد الصغر النقاثى

